1.10119e-9
3.22074e-9
9.36992e-9
9.41991e-9
1.025971e-8
2.190237e-8
2.740484e-8
3.000728e-8
3.856361e-8
4.761007e-8
6.405936e-8
7.972746e-8
8.304709e-8
8.729859e-8
8.776435e-8
9.55887e-8
1.1278963e-7
1.3924844e-7
1.8636449e-7
2.0406216e-7
2.4289349e-7
2.428935e-7
2.5532816e-7
2.7957481e-7
3.281329e-7
3.5929327e-7
4.051081e-7
4.3563062e-7
4.4357825e-7
5.0853402e-7
5.9683455e-7
7.0663718e-7
7.1040722e-7
7.428127e-7
7.6701704e-7
7.7374133e-7
8.1335218e-7
8.1769156e-7
9.4694808e-7
1.05084961e-6
1.29736365e-6
1.35049077e-6
1.48734424e-6
1.65177817e-6
1.66729626e-6
1.73633916e-6
1.90122656e-6
2.05841972e-6
2.06675009e-6
2.11718273e-6
2.2630142e-6
2.37886675e-6
2.90829415e-6
2.90829416e-6
3.05718111e-6
3.34749919e-6
3.59053767e-6
3.77435135e-6
4.05872659e-6
4.13277382e-6
4.32705183e-6
4.35013742e-6
4.35013743e-6
4.73796022e-6
4.74289946e-6
4.83106858e-6
4.83106859e-6
5.56064735e-6
6.01268659e-6
6.19226913e-6
6.26303794e-6
6.58366736e-6
6.6187924e-6
6.92071105e-6
7.14622038e-6
8.50608682e-6
8.50608683e-6
8.82261976e-6
9.79065983e-6
9.79065984e-6
1.01145679e-5
1.011456791e-5
1.050149109e-5
1.05014911e-5
1.208740625e-5
1.258238627e-5
1.265562442e-5
1.265562443e-5
1.38574363e-5
1.387188242e-5
1.387188243e-5
1.387188244e-5
1.405477198e-5
1.538945064e-5
1.553403111e-5
1.617729684e-5
1.780877072e-5
1.780877073e-5
1.801484062e-5
1.801484063e-5
1.801484064e-5
1.811095302e-5
1.811095303e-5
1.83179354e-5
1.917808891e-5
1.92557022e-5
1.972557798e-5
1.972557799e-5
2.198644935e-5
2.198644936e-5
2.198644937e-5
2.474630791e-5
2.474630792e-5
2.709628336e-5
2.709628337e-5
2.848344814e-5
2.958276851e-5
2.958276852e-5
3.055143188e-5
3.285330317e-5
3.34526774e-5
3.516525086e-5
3.68183379e-5
3.781474636e-5
3.835134987e-5
4.031470554e-5
4.035673288e-5
4.035673289e-5
4.03567329e-5
4.035673291e-5
4.035673292e-5
4.05297917e-5
4.057204328e-5
4.057204329e-5
4.211004072e-5
4.211004074e-5
4.211004075e-5
4.211004076e-5
4.418911598e-5
4.501057881e-5
4.501057882e-5
5.208652973e-5
5.208652974e-5
5.268923647e-5
5.268923648e-5
5.268923649e-5
5.329139935e-5
5.357571848e-5
5.601959461e-5
5.769274701e-5
5.769274702e-5
5.784497659e-5
6.430527214e-5
6.430527215e-5
6.430527216e-5
6.658061464e-5
7.141456689e-5
7.14145669e-5
7.41433611e-5
7.414336112e-5
7.414336114e-5
7.414336115e-5
7.414336116e-5
7.925035314e-5
8.219945859e-5
8.606358173e-5
8.606358174e-5
9.153631539e-5
9.153631542e-5
9.153631544e-5
9.153631545e-5
9.153631547e-5
9.423640917e-5
9.423640918e-5
9.43346489e-5
9.433464893e-5
9.433464895e-5
9.433464896e-5
9.433464898e-5
9.78413335e-5
0.00010184794204
0.0001121688159
0.00011722882402
0.00011791117652
0.0001180340968
0.00011803409682
0.00011803409683
0.00011803409684
0.00012316211617
0.00012316211619
0.0001231621162
0.00012316211621
0.00012456968362
0.00012573998813
0.0001292429297
0.00012924292971
0.00012924292972
0.00013094689318
0.00014472900134
0.00015153258245
0.00015153258246
0.00015328600526
0.00015328600527
0.00015523676079
0.0001558650004
0.00015966840311
0.00016592252094
0.00016592252095
0.00016609549212
0.00016609549217
0.00016609549222
0.00016609549223
0.00016609549227
0.00016784245346
0.00016784245347
0.00016784245348
0.00016873792294
0.00017868032035
0.00018707992264
0.00018707992265
0.00018707992266
0.00020117529807
0.00020117529808
0.00020484553144
0.00020484553145
0.00020484553146
0.00020505907915
0.00020505907921
0.00020505907927
0.00020505907928
0.00020505907929
0.00020505907933
0.00021685215915
0.00021685215917
0.00021685215919
0.0002168521592
0.00021685215922
0.00021933047025
0.00023055885529
0.00023484226844
0.00026772252214
0.00026772252217
0.00026772252219
0.0002677225222
0.00026772252222
0.00027078220898
0.00027561967098
0.00027561967099
0.00027590699954
0.00027590699957
0.00027590699959
0.0002759069996
0.00027590699962
0.00028464460986
0.00030609091249
0.00032632679563
0.00032806780737
0.00032806780738
0.00034303274125
0.00034303274126
0.00034339034677
0.00034339034678
0.0003433903468
0.00034339034681
0.000354210362
0.00035421036201
0.00035421036202
0.00035768815438
0.00035768815439
0.00035830902194
0.00035830902196
0.00035830902197
0.00035830902198
0.0003643374733
0.00037599961066
0.00037599961067
0.00037599961069
0.0003759996107
0.00037800563577
0.00037800563578
0.00039233500305
0.00039233500306
0.00039233500307
0.00039233500308
0.00039233500309
0.00043730296186
0.00043730296187
0.00043730296188
0.00045344979102
0.0004669930987
0.00048528494487
0.00048528494488
0.00048579084571
0.00048579084576
0.0004857908458
0.00048579084581
0.00048579084582
0.00048579084586
0.00049090030282
0.00049090030283
0.00053893581349
0.00059912573573
0.00059912573574
0.00059975031355
0.00059975031362
0.00059975031367
0.00059975031368
0.00059975031374
0.00062365997095
0.00062365997096
0.00063087650218
0.0006308765022
0.00063087650221
0.00063087650222
0.00063087650223
0.00063087650224
0.00064149082689
0.00066536231791
0.00066536231792
0.00068685924394
0.00068685924395
0.00069078621873
0.00069078621875
0.00069078621877
0.00069078621878
0.0006907862188
0.00076279523874
0.00076279523875
0.00076996153063
0.00076996153064
0.00076996153065
0.00077887095514
0.00077887095516
0.00077887095518
0.00077887095519
0.0007788709552
0.00077887095522
0.00079197524606
0.00079197524607
0.00080184571193
0.00080184571194
0.00080268162179
0.00080268162182
0.00080268162183
0.00080268162184
0.00080268162185
0.00080268162186
0.00080268162188
0.00083755431553
0.00083755431554
0.00083755431555
0.00083755431557
0.00085283461996
0.00085283461999
0.00085283462002
0.00085283462004
0.00087890641107
0.0008789064111
0.00087890641113
0.00087890641114
0.00087890641116
0.00094890700509
0.00095058330863
0.00095058330864
0.00095058330865
0.00095443029747
0.00095443029748
0.00097772021359
0.0010461550083
0.00104615500831
0.00104615500832
0.0010599477157
0.00109971177691
0.00109971177692
0.00109971177693
0.00114748901624
0.00114748901625
0.00114748901626
0.00114748901627
0.00117150678911
0.00134305742424
0.00134305742425
0.00134305742426
0.00135859829001
0.00135859829002
0.00135859829003
0.00136584665458
0.00141181378934
0.00141181378935
0.00141181378936
0.00141328558005
0.0014132855801
0.00141328558013
0.00141328558014
0.00141328558015
0.00141328558016
0.00141328558017
0.0014132855802
0.00142815025284
0.00142815025285
0.00142815025286
0.00144632524533
0.00147468610781
0.00147468610782
0.00147468610783
0.00147468610784
0.00147468610785
0.00147468610786
0.00147468610787
0.00154749495101
0.00154749495106
0.00154749495111
0.00154749495112
0.00154749495116
0.0016581191647
0.00165811916471
0.00165811916472
0.00165811916473
0.00174300477318
0.00174300477319
0.0017430047732
0.00174482182458
0.00174482182465
0.00174482182469
0.0017448218247
0.00174482182471
0.00174482182472
0.00174482182477
0.00182062602324
0.00182062602327
0.00182062602328
0.00182062602329
0.0018206260233
0.00182062602332
0.0018662552892
0.00186625528921
0.00187432996451
0.00187432996452
0.00187628392017
0.00187628392019
0.00187628392022
0.00187628392025
0.00191051476224
0.0019105147623
0.00191051476236
0.00191051476237
0.00191051476243
0.00199824322222
0.00199824322223
0.00200890420676
0.00200890420677
0.0020203896986
0.00202038969863
0.00202038969864
0.00202038969865
0.00219028268516
0.00219028268517
0.00223099940421
0.00223099940422
0.00230405164024
0.00247764842388
0.0024943437406
0.00249434374063
0.00249434374064
0.00249434374066
0.00257059769119
0.00257059769122
0.00257059769123
0.00257059769125
0.00259648726807
0.00259648726809
0.00259648726811
0.00259648726814
0.00277667351765
0.00277667351766
0.00285960517739
0.0028596051774
0.00304352336111
0.00304352336112
0.00304352336113
0.00304352336114
0.00304352336115
0.00304352336116
0.00305976110192
0.00305976110193
0.00305976110194
0.00317574995639
0.0031757499564
0.00317574995641
0.00317574995643
0.00317574995644
0.00319933323167
0.00319933323168
0.00319933323169
0.0031993332317
0.00320558542203
0.00320558542204
0.00320558542206
0.00320558542208
0.00320558542209
0.00320558542211
0.00330014222227
0.00330014222228
0.00330358256184
0.00330358256188
0.00330358256189
0.00330358256191
0.00330358256194
0.00330358256196
0.00330358256199
0.00333832902377
0.00333832902379
0.0033383290238
0.00333832902381
0.00392813190371
0.00392813190372
0.00392813190373
0.00395756914518
0.00395756914521
0.00395756914523
0.00395756914526
0.0039735853367
0.00397358533671
0.00397358533672
0.00407054838307
0.00407430759566
0.00407430759567
0.00407430759568
0.00407855498886
0.00407855498892
0.00407855498893
0.00407855498895
0.00407855498898
0.00407855498899
0.00407855498901
0.00407855498905
0.00436240807668
0.00436240807669
0.00452606432046
0.00452606432051
0.00452606432052
0.00452606432053
0.00452606432054
0.00452606432056
0.00467093244008
0.00467093244009
0.0048496145239
0.00484961452391
0.00484961452392
0.00538576557164
0.00558781319026
0.00558781319032
0.00558781319033
0.00558781319034
0.00558781319035
0.00558781319038
0.00559155896606
0.00559155896609
0.0055915589661
0.00559155896611
0.00559155896613
0.00559155896615
0.00581057705601
0.00581057705602
0.00581057705603
0.00581663447931
0.00581663447936
0.00581663447941
0.00581663447946
0.00584439861684
0.00584439861685
0.00587781275003
0.00587781275005
0.00587781275006
0.00587781275007
0.00587781275009
0.00640606956814
0.00640606956815
0.00640606956816
0.00649052841259
0.0064905284126
0.00690325738488
0.00690325738491
0.00690325738492
0.00690325738493
0.00690325738496
0.00690325738499
0.00711429511755
0.00711429511758
0.00711429511759
0.0071142951176
0.00711429511761
0.00711429511764
0.00711429511767
0.00717365393368
0.00717365393369
0.0071736539337
0.0071811323404
0.00718113234042
0.00718113234046
0.00718113234047
0.00718113234052
0.00718113234057
0.00718113234058
0.00725666214375
0.00725666214377
0.00725666214378
0.00725666214379
0.0072566621438
0.00725666214383
0.00747850372377
0.0074785037238
0.00747850372381
0.00747850372382
0.00747850372383
0.00747850372386
0.00768091390373
0.00768091390374
0.00780340909426
0.00780340909428
0.00780340909429
0.0078034090943
0.0082241343065
0.00822413430651
0.00822413430652
0.00831929789743
0.00831929789744
0.00831929789745
0.0083636828378
0.00836368283781
0.00885648882446
0.00885648882447
0.00885648882448
0.00886572155666
0.00886572155672
0.00886572155678
0.00886572155685
0.00890160092836
0.00890160092837
0.00890160092838
0.00890160092839
0.0089016009284
0.00890160092841
0.00911881693618
0.00911881693619
0.00928833309488
0.00928833309489
0.0092883330949
0.00928833309491
0.00928833309493
0.00948274460672
0.01015339661625
0.01015339661626
0.01015339661627
0.01015339661628
0.01142790611297
0.01142790611298
0.01142790611299
0.01156014137834
0.01156014137835
0.01156014137836
0.01170725858969
0.0117072585897
0.01190541125083
0.01190541125084
0.01252617529656
0.01252617529661
0.01252617529663
0.01252617529664
0.01252617529666
0.01252617529671
0.01252617529676
0.01316743922653
0.01316743922658
0.01316743922659
0.0131674392266
0.01316743922661
0.01316743922663
0.01316743922668
0.01366139556413
0.01366139556414
0.01366139556415
0.01373950175111
0.01373950175113
0.01373950175114
0.01373950175116
0.01373950175117
0.01373950175118
0.01410872669802
0.01410872669803
0.01410872669804
0.01517173654259
0.0151717365426
0.01546463386062
0.01546463386063
0.01546463386069
0.01546463386071
0.01546463386072
0.01546463386075
0.01546463386081
0.01546463386087
0.01625632898305
0.01625632898312
0.01625632898314
0.01625632898315
0.01625632898316
0.01625632898317
0.01625632898318
0.01625632898324
0.01635401492865
0.01635401492867
0.01635401492869
0.0163540149287
0.01635401492872
0.01635401492874
0.01696258905675
0.01696258905678
0.01696258905679
0.0169625890568
0.01696258905681
0.01696258905682
0.01696258905683
0.01700279937567
0.01700279937568
0.01748114806958
0.0174811480696
0.01748114806963
0.01748114806966
0.01863683892809
0.0186368389281
0.01863683892811
0.01863683892812
0.01863683892813
0.01863683892814
0.0187362697929
0.01873626979291
0.01873626979292
0.01944652082168
0.01944652082169
0.0194465208217
0.01944652082171
0.01944652082172
0.01944652082173
0.02019042900447
0.0201904290045
0.02019042900452
0.02019042900453
0.02019042900455
0.02019042900458
0.02042791646
0.02042791646001
0.02080766549461
0.02080766549464
0.02080766549466
0.02080766549467
0.0208076654947
0.02080766549473
0.02405368807513
0.02405368807514
0.02405368807515
0.02405368807516
0.02419121003253
0.02419121003255
0.02419121003257
0.0241912100326
0.02433201953798
0.02433201953799
0.024332019538
0.02433201953801
0.02589695615069
0.0258969561507
0.02589695615071
0.02589695615073
0.02667042755171
0.02667042755172
0.02667042755173
0.02671295305376
0.02671295305377
0.02671295305378
0.02702205556133
0.02702205556134
0.02702205556135
0.02702205556136
0.02702205556137
0.02969633349948
0.02969633349949
0.0296963334995
0.02986611610818
0.02986611610819
0.0298661161082
0.02986611610821
0.02986611610822
0.02986611610824
0.02986611610826
0.03077914557753
0.03077914557757
0.03077914557758
0.0307791455776
0.03077914557763
0.03077914557766
0.03077914557768
0.03297942337002
0.03297942337003
0.03297942337004
0.03423958729511
0.03423958729514
0.03423958729515
0.03423958729516
0.03423958729518
0.0342395872952
0.0346357824395
0.03463578243951
0.03463578243952
0.03482057052583
0.03482057052584
0.03482057052585
0.03663616158609
0.03663616158614
0.03663616158617
0.03663616158618
0.03663616158619
0.03663616158624
0.03663616158629
0.03687227262251
0.03687227262253
0.03687227262256
0.03687227262259
0.03799948552772
0.03799948552778
0.03799948552779
0.03799948552782
0.03799948552785
0.03799948552787
0.03799948552791
0.03974437460499
0.039744374605
0.03974437460501
0.04227169654916
0.04227169654919
0.0422716965492
0.04227169654921
0.04227169654922
0.04227169654924
0.04227169654927
0.04356397387544
0.04356397387546
0.04356397387547
0.04356397387548
0.04356397387549
0.04356397387552
0.04356397387555
0.04523047231688
0.04523047231694
0.04523047231699
0.045230472317
0.04523047231701
0.04523047231707
0.04523047231713
0.04703363117658
0.04703363117659
0.0470336311766
0.04757786952071
0.04757786952072
0.04757786952073
0.04757786952074
0.04757786952075
0.04757786952078
0.05419299686232
0.05419299686237
0.05419299686242
0.05419299686247
0.05450843743255
0.05450843743256
0.05450843743257
0.05450843743258
0.05450843743259
0.0545084374326
0.05687656944288
0.05687656944289
0.0568765694429
0.05687656944291
0.05687656944292
0.05687656944293
0.05806703706925
0.05806703706926
0.05806703706927
0.05806703706928
0.05873894581439
0.05873894581441
0.05873894581442
0.05873894581443
0.05873894581444
0.05873894581445
0.05873894581447
0.05873894581448
0.0597469243863
0.05974692438631
0.05974692438632
0.06053463924622
0.06053463924623
0.06053463924624
0.06053463924625
0.06053463924626
0.06053463924627
0.0605346392463
0.06316458102561
0.06316458102562
0.06316458102563
0.06316458102564
0.06316458102565
0.06690588583059
0.06690588583062
0.06690588583065
0.06690588583067
0.06690588583071
0.06690588583072
0.06690588583077
0.06997812082972
0.06997812082973
0.06997812082974
0.06997812082975
0.07078785581412
0.07078785581413
0.07078785581414
0.07078785581415
0.07168871953228
0.07168871953229
0.0716887195323
0.07168871953231
0.07670330853049
0.0767033085305
0.07670330853054
0.07670330853055
0.07670330853057
0.07670330853058
0.07670330853059
0.0767033085306
0.07670330853064
0.07670330853065
0.07670330853069
0.0767033085307
0.07759086240596
0.07759086240597
0.07759086240598
0.07759086240599
0.077590862406
0.07759086240601
0.07800482351702
0.07800482351703
0.07800482351704
0.08096181585146
0.08096181585147
0.08096181585149
0.0809618158515
0.08096181585151
0.08260103367508
0.08260103367515
0.08260103367521
0.08260103367527
0.08639397032734
0.08639397032735
0.08639397032736
0.08639397032737
0.09290324950856
0.09290324950857
0.09290324950858
0.09469678926242
0.09469678926248
0.09469678926251
0.09469678926252
0.09469678926253
0.09469678926254
0.0946967892626
0.09469678926266
0.09469678926267
0.10014286269217
0.10014286269219
0.1001428626922
0.10014286269221
0.10014286269222
0.10014286269224
0.10014286269226
0.10130164172767
0.10130164172768
0.10130164172769
0.10658364464549
0.10658364464552
0.10658364464553
0.10658364464554
0.10658364464555
0.10658364464556
0.10658364464557
0.10658364464559
0.10658364464564
0.11121419640136
0.11121419640137
0.11121419640138
0.11121419640139
0.1112141964014
0.11121419640141
0.11121419640142
0.11121419640143
0.12363492196332
0.12363492196334
0.12363492196335
0.12363492196336
0.12363492196337
0.1236349219634
0.12363492196343
0.12741453384152
0.12741453384153
0.12741453384155
0.12741453384156
0.12741453384157
0.12741453384158
0.12741453384161
0.12741453384164
0.13158661769852
0.13158661769857
0.13158661769858
0.13158661769859
0.1315866176986
0.13158661769861
0.13158661769862
0.13158661769863
0.13158661769865
0.13158661769871
0.13730342955704
0.13730342955705
0.13730342955707
0.13730342955708
0.13730342955709
0.1373034295571
0.13730342955711
0.13730342955712
0.13730342955713
0.14150089791818
0.14150089791821
0.14150089791824
0.14150089791827
0.14254987752495
0.14254987752496
0.14254987752498
0.142549877525
0.14254987752502
0.14254987752504
0.14254987752505
0.15857851024675
0.15857851024676
0.15857851024677
0.15857851024678
0.15857851024679
0.1585785102468
0.16357521999522
0.16357521999523
0.16357521999524
0.16357521999525
0.16546799128773
0.16546799128774
0.16546799128775
0.16546799128776
0.16546799128777
0.16546799128778
0.17381856291013
0.17381856291014
0.17381856291015
0.17381856291016
0.17381856291017
0.1747459159926
0.17474591599261
0.17474591599262
0.17599000577657
0.17599000577658
0.1759900057766
0.17599000577663
0.17599000577666
0.17599000577668
0.17599000577669
0.18137015165863
0.18137015165866
0.18137015165867
0.18137015165868
0.18137015165869
0.1813701516587
0.18137015165871
0.18137015165872
0.18137015165875
0.19581539654617
0.19581539654619
0.19581539654621
0.19581539654622
0.19581539654624
0.19581539654626
0.20194758783166
0.20194758783167
0.20194758783168
0.20194758783169
0.2019475878317
0.22433941238833
0.22433941238838
0.22433941238839
0.2243394123884
0.22433941238841
0.22433941238842
0.22433941238843
0.22433941238848
0.22433941238853
0.22693530190978
0.22693530190979
0.2269353019098
0.22693530190981
0.22693530190982
0.22693530190983
0.22693530190984
0.23679455999969
0.2367945599997
0.23679455999971
0.23679455999972
0.23679455999973
0.23679455999974
0.23679455999975
0.24175084095228
0.2417508409523
0.24175084095231
0.24175084095233
0.24175084095234
0.24175084095235
0.24175084095236
0.24175084095237
0.24175084095239
0.2417508409524
0.24914134466692
0.24914134466693
0.24914134466694
0.24914134466696
0.24914134466697
0.24914134466699
0.24914134466702
0.24914134466705
0.24914134466707
0.27696617610368
0.27696617610369
0.27696617610375
0.27696617610376
0.27696617610377
0.27696617610378
0.27696617610379
0.27696617610381
0.27696617610387
0.27696617610393
0.28800771488646
0.28800771488647
0.28800771488648
0.28800771488649
0.29134032684792
0.29134032684793
0.29134032684794
0.29134032684795
0.29134032684796
0.29134032684797
0.29134032684798
0.29134032684799
0.29134032684801
0.29134032684802
0.29471150132671
0.29471150132672
0.29471150132673
0.29471150132674
0.29471150132675
0.29471150132676
0.29846207260501
0.29846207260503
0.29846207260504
0.29846207260506
0.29846207260509
0.29846207260512
0.30758628101549
0.30758628101554
0.30758628101555
0.30758628101557
0.30758628101559
0.3075862810156
0.30758628101561
0.30758628101562
0.30758628101563
0.30758628101565
0.30758628101566
0.30758628101567
0.30758628101568
0.31933934082031
0.31933934082036
0.31933934082037
0.31933934082038
0.31933934082039
0.31933934082041
0.31933934082043
0.31933934082046
0.31933934082051
0.35557013647867
0.35557013647868
0.35557013647869
0.3555701364787
0.35557013647871
0.35968453074215
0.35968453074216
0.35968453074218
0.35968453074219
0.3596845307422
0.35968453074221
0.35968453074222
0.35968453074224
0.35968453074226
0.35968453074227
0.37068035541057
0.37068035541058
0.37068035541059
0.3706803554106
0.37068035541061
0.37068035541062
0.37068035541063
0.37068035541064
0.37068035541065
0.37068035541066
0.37068035541068
0.37068035541069
0.3867846514901
0.38678465149011
0.38678465149012
0.38678465149013
0.38678465149014
0.38678465149015
0.38678465149016
0.38678465149017
0.39425170621991
0.39425170621992
0.39425170621998
0.39425170621999
0.39425170622001
0.39425170622002
0.39425170622004
0.39425170622007
0.3942517062201
0.39425170622016
0.40630427525283
0.40630427525284
0.40630427525286
0.40630427525289
0.40630427525292
0.41692537613609
0.4169253761361
0.41692537613612
0.41692537613614
0.41692537613616
0.41692537613617
0.41692537613618
0.41692537613619
0.43866442217443
0.43866442217444
0.43866442217448
0.43866442217449
0.43866442217453
0.43866442217454
0.43866442217458
0.43866442217459
0.43866442217463
0.43866442217464
0.43898171965742
0.43898171965743
0.43898171965744
0.43898171965745
0.43898171965746
0.50837903882482
0.50837903882483
0.50837903882484
0.50837903882485
0.50837903882486
0.50837903882487
0.51473000628672
0.51473000628673
0.51473000628675
0.51473000628676
0.51473000628678
0.51473000628681
0.51473000628683
0.51473000628684
0.53046568690947
0.53046568690949
0.5304656869095
0.53046568690951
0.53046568690952
0.53046568690953
0.53046568690954
0.53046568690955
0.53046568690956
0.53046568690958
0.53046568690959
0.541568716388
0.54156871638805
0.54156871638806
0.54156871638807
0.5415687163881
0.54156871638811
0.54156871638812
0.54156871638813
0.54156871638815
0.54156871638816
0.54156871638818
0.54156871638819
0.5415687163882
0.54156871638821
0.54156871638825
0.54156871638826
0.65265877140934
0.65265877140938
0.65265877140939
0.6526587714094
0.65265877140941
0.65265877140942
0.65265877140943
0.65265877140944
0.65265877140949
0.65265877140954
0.66021085531526
0.66021085531527
0.66021085531528
0.66021085531529
0.6602108553153
0.66021085531531
0.66021085531532
0.66021085531533
0.66861286154988
0.66861286154989
0.66861286154994
0.66861286154995
0.66861286155001
0.66861286155007
0.66861286155013
0.66861286155014
0.68101368674345
0.68101368674346
0.68101368674347
0.68101368674348
0.68101368674349
0.6810136867435
0.68101368674351
0.68101368674352
0.68101368674354
0.68101368674355
0.6888938727283
0.68889387272831
0.68889387272832
0.68889387272833
0.68889387272834
0.68889387272835
0.68889387272836
0.68889387272837
0.71538198675558
0.71538198675563
0.71538198675568
0.71538198675573
0.80576302796439
0.8057630279644
0.80576302796445
0.80576302796446
0.80576302796447
0.80576302796448
0.80576302796449
0.8057630279645
0.80576302796451
0.80576302796452
0.80576302796458
0.80576302796459
0.80576302796464
0.80576302796465
0.84076959408769
0.84076959408771
0.84076959408772
0.84076959408773
0.84076959408774
0.84076959408775
0.84076959408776
0.84076959408777
0.84076959408778
0.8407695940878
0.84076959408781
0.86647254835165
0.86647254835166
0.86647254835168
0.86647254835169
0.8664725483517
0.86647254835171
0.86647254835172
0.86647254835173
0.86647254835174
0.86647254835176
0.86647254835177
0.88320019748548
0.88320019748549
0.88320019748554
0.88320019748555
0.8832001974856
0.88320019748561
0.88320019748566
0.88320019748567
0.93399361050487
0.93399361050488
0.93399361050492
0.93399361050493
0.93399361050494
0.93399361050495
0.93399361050496
0.93399361050497
0.93399361050498
0.93399361050499
0.933993610505
0.93399361050501
0.93399361050502
0.93399361050503
0.93399361050507
0.93399361050508
1.15309492903114
1.15309492903115
1.1530949290312
1.15309492903121
1.15309492903122
1.15309492903123
1.15309492903125
1.15309492903126
1.15309492903127
1.15309492903128
1.15309492903129
1.1530949290313
1.15309492903131
1.15309492903132
1.15309492903133
1.15309492903138
1.15309492903139
1.1883459019866
1.18834590198661
1.18834590198662
1.18834590198663
1.18834590198664
1.18834590198665
1.18834590198666
1.18834590198667
1.18834590198668
1.18834590198669
1.1883459019867
1.18834590198671
1.19906423314675
1.19906423314676
1.19906423314677
1.19906423314678
1.19906423314679
1.1990642331468
1.19906423314681
1.19906423314682
1.19906423314683
1.21293891635634
1.21293891635635
1.21293891635636
1.21293891635637
1.21293891635638
1.21293891635639
1.2129389163564
1.21293891635641
1.21293891635642
1.21293891635643
1.21293891635644
1.21293891635645
1.47900021381555
1.47900021381557
1.47900021381558
1.47900021381559
1.4790002138156
1.47900021381562
1.47900021381563
1.47900021381564
1.47900021381565
1.48034726498477
1.48034726498478
1.48034726498479
1.4803472649848
1.48034726498481
1.48034726498482
1.48034726498483
1.48034726498484
1.48034726498485
1.48034726498486
1.49747674710429
1.4974767471043
1.49747674710431
1.49747674710432
1.49747674710433
1.49747674710434
1.49747674710435
1.49747674710436
1.49747674710437
1.49747674710438
1.49747674710439
1.4974767471044
1.49747674710441
1.49747674710442
1.52560258619786
1.52560258619787
1.52560258619788
1.52560258619791
1.52560258619792
1.52560258619793
1.52560258619794
1.52560258619795
1.52560258619796
1.52560258619797
1.52560258619798
1.52560258619799
1.525602586198
1.52560258619801
1.52560258619802
1.52560258619803
1.52560258619806
1.52560258619807
1.52560258619808
1.5432557293758
1.54325572937581
1.54325572937582
1.54325572937583
1.54325572937584
1.54325572937585
1.54325572937586
1.54325572937587
1.54325572937588
1.54325572937589
1.5432557293759
1.54325572937591
1.54325572937592
1.54325572937593
1.54325572937594
1.61030284107063
1.61030284107065
1.61030284107066
1.61030284107067
1.61030284107068
1.6103028410707
1.61030284107071
1.61030284107072
1.61030284107074
1.82761520556479
1.8276152055648
1.82761520556481
1.82761520556482
1.82761520556483
1.82761520556484
1.82761520556485
1.82761520556486
1.82761520556487
1.82761520556488
1.82761520556489
1.883486767014
1.88348676701401
1.88348676701406
1.88348676701407
1.88348676701408
1.88348676701409
1.8834867670141
1.88348676701411
1.88348676701412
1.88348676701413
1.88348676701414
1.88348676701415
1.88348676701416
1.88348676701417
1.88348676701418
1.88348676701419
1.8834867670142
1.88348676701425
1.88348676701426
2.09232662340808
2.09232662340809
2.0923266234081
2.09232662340813
2.09232662340814
2.09232662340815
2.09232662340818
2.09232662340819
2.0923266234082
2.09232662340823
2.09232662340824
2.09232662340825
2.58315602183247
2.58315602183248
2.58315602183249
2.58315602183253
2.58315602183254
2.58315602183255
2.58315602183259
2.5831560218326
2.58315602183261
2.58315602183266
2.58315602183267
2.58315602183268
2.68613616835454
2.68613616835455
2.68613616835456
2.68613616835459
2.6861361683546
2.68613616835461
2.68613616835464
2.68613616835465
2.68613616835466
2.68613616835469
2.6861361683547
2.68613616835471
2.71721814658679
2.7172181465868
2.71721814658681
2.71721814658682
2.71721814658683
2.71721814658684
2.71721814658685
2.71721814658686
2.71721814658687
2.71721814658688
2.71721814658689
2.7172181465869
2.71721814658691
2.71721814658692
2.71721814658693
2.71721814658694
2.71721814658695
2.71721814658696
2.71721814658697
2.71721814658699
2.717218146587
2.71721814658701
2.71721814658702
2.83526833432018
2.8352683343202
2.83526833432021
2.83526833432022
2.83526833432023
2.83526833432024
2.83526833432025
2.83526833432026
2.83526833432027
2.83526833432028
2.83526833432029
2.8352683343203
2.83526833432031
3.31626465061412
3.31626465061413
3.31626465061414
3.31626465061415
3.31626465061416
3.31626465061418
3.31626465061419
3.3162646506142
3.31626465061421
3.31626465061423
3.31626465061424
3.31626465061425
3.31626465061426
3.31626465061427
3.31626465061428
3.31626465061429
3.3162646506143
3.31626465061431
3.31626465061432
3.31626465061433
3.35463800893345
3.35463800893346
3.35463800893347
3.35463800893348
3.35463800893349
3.3546380089335
3.35463800893351
3.35463800893352
3.35463800893353
3.35463800893354
3.35463800893355
3.35463800893356
3.35463800893357
3.35463800893358
3.35463800893359
3.3546380089336
3.35463800893361
3.35463800893362
3.35463800893364
3.35463800893365
3.35463800893366
3.35463800893367
3.3546380089337
3.35463800893371
3.35463800893372
3.35463800893373
3.45719179765527
3.45719179765528
3.45719179765529
3.4571917976553
3.45719179765531
3.45719179765532
3.45719179765533
3.45719179765534
3.45719179765535
3.45719179765536
3.45719179765537
3.45719179765538
3.45719179765539
3.4571917976554
3.45719179765542
3.45719179765543
3.50038105397738
3.5003810539774
3.50038105397741
3.50038105397742
3.50038105397744
3.50038105397745
3.50038105397746
3.50038105397747
3.50038105397748
3.50038105397749
3.5003810539775
3.50038105397751
3.50038105397752
3.50038105397753
3.60739031640729
3.6073903164073
3.60739031640732
3.60739031640733
3.60739031640734
3.60739031640735
3.60739031640736
3.60739031640737
3.60739031640738
3.60739031640739
3.6073903164074
3.60739031640741
3.60739031640742
3.60739031640743
3.60739031640744
3.60739031640746
4.09421211123846
4.09421211123847
4.09421211123848
4.09421211123849
4.0942121112385
4.09421211123853
4.09421211123854
4.09421211123855
4.09421211123856
4.09421211123859
4.0942121112386
4.09421211123861
4.09421211123862
4.09421211123865
4.09421211123866
4.09421211123867
4.09421211123868
4.99207125676688
4.9920712567669
4.99207125676692
4.99207125676694
4.99207125676697
4.99207125676699
4.99207125676701
6.08709503551913
6.08709503551914
6.08709503551915
6.08709503551916
6.08709503551918
6.08709503551919
6.0870950355192
6.08709503551922
6.08709503551923
6.08709503551924
6.08709503551925
6.08709503551926
6.08709503551928
6.08709503551929
6.0870950355193
6.08709503551932
6.08709503551933
6.08709503551934
6.08709503551935
6.08709503551936
6.08709503551938
6.08709503551939
6.16313857696352
6.16313857696354
6.16313857696355
6.16313857696357
6.16313857696358
6.16313857696359
6.1631385769636
6.16313857696361
6.16313857696362
6.16313857696363
6.16313857696364
6.16313857696365
6.16313857696367
6.35155032505726
6.35155032505727
6.35155032505728
6.35155032505729
6.3515503250573
6.35155032505731
6.35155032505732
6.35155032505734
6.35155032505735
6.35155032505736
6.35155032505737
6.35155032505738
6.35155032505739
6.3515503250574
6.35155032505741
6.35155032505742
6.35155032505744
6.35155032505745
6.35155032505746
6.35155032505747
6.35155032505749
6.3515503250575
6.35155032505751
6.35155032505752
7.51503900994956
7.51503900994957
7.51503900994958
7.5150390099496
7.51503900994961
7.51503900994962
7.51503900994964
7.51503900994965
7.51503900994966
7.51503900994967
7.51503900994968
7.5150390099497
7.51503900994971
7.51503900994972
7.51503900994973
7.51503900994974
7.51503900994975
7.51503900994976
7.51503900994977
7.51503900994978
7.5150390099498
7.51503900994981
7.51503900994982
7.51503900994983
7.51503900994984
7.51503900994986
7.51503900994987
7.60892126036208
7.60892126036211
7.60892126036214
7.60892126036217
7.60892126036219
7.6089212603622
7.60892126036222
7.60892126036225
7.84153166460171
7.84153166460172
7.84153166460174
7.84153166460175
7.84153166460176
7.84153166460177
7.84153166460178
7.84153166460179
7.8415316646018
7.84153166460181
7.84153166460182
7.84153166460184
7.84153166460185
7.84153166460186
7.84153166460187
7.84153166460188
7.84153166460189
7.8415316646019
7.84153166460191
7.84153166460192
7.84153166460193
7.84153166460194
7.84153166460195
7.84153166460196
7.84153166460197
7.84153166460198
7.841531664602
7.84153166460201
7.84153166460202
8.08125314258096
8.08125314258098
8.08125314258101
8.08125314258104
8.08125314258107
8.0812531425811
8.08125314258113
8.08125314258115
8.08125314258118
11.18320669328435
11.18320669328438
11.1832066932844
11.18320669328442
11.18320669328443
11.18320669328444
11.18320669328445
11.18320669328447
11.18320669328448
11.18320669328449
11.1832066932845
11.18320669328452
11.18320669328453
11.18320669328454
11.18320669328455
11.18320669328457
11.1832066932846
11.18320669328462
13.80662435298968
13.8066243529897
13.80662435298972
13.80662435298973
13.80662435298974
13.80662435298975
13.80662435298976
13.80662435298978
13.80662435298979
13.8066243529898
13.80662435298981
13.80662435298982
13.80662435298983
13.80662435298984
13.80662435298985
13.80662435298986
13.80662435298987
13.80662435298988
13.80662435298989
13.80662435298991
13.80662435298992
13.80662435298993
13.80662435298994
13.80662435298995
13.80662435298996
13.80662435298998
13.80662435298999
14.2287031683751
14.22870316837513
14.22870316837514
14.22870316837516
14.22870316837518
14.2287031683752
14.22870316837521
14.22870316837522
14.22870316837523
14.22870316837524
14.22870316837526
14.22870316837528
14.22870316837529
14.2287031683753
14.22870316837531
14.22870316837533
14.22870316837534
14.22870316837536
14.22870316837538
14.22870316837539
14.22870316837541
14.22870316837544
17.04545764490244
17.04545764490247
17.0454576449025
17.04545764490253
17.04545764490256
17.04545764490258
17.04545764490259
17.0454576449026
17.04545764490262
17.04545764490263
17.04545764490264
17.04545764490265
17.04545764490266
17.04545764490268
17.0454576449027
17.04545764490271
17.04545764490274
17.04545764490276
17.56655001234304
17.56655001234306
17.56655001234309
17.5665500123431
17.56655001234312
17.56655001234315
17.56655001234316
17.56655001234318
17.56655001234321
17.56655001234322
17.56655001234324
17.56655001234327
17.56655001234328
17.5665500123433
17.56655001234331
17.56655001234333
17.56655001234334
17.56655001234336
17.56655001234337
17.5665500123434
17.56655001234342
25.05254943530552
25.05254943530558
25.05254943530562
25.05254943530563
25.05254943530567
25.05254943530568
25.05254943530572
25.05254943530578
25.05254943530582
25.05254943530583
25.05254943530588
25.05254943530592
25.05254943530593
25.05254943530598
25.05254943530602
30.92951320891517
30.92951320891522
30.92951320891524
30.92951320891527
30.92951320891528
30.9295132089153
30.92951320891532
30.92951320891534
30.92951320891536
30.92951320891537
30.92951320891539
30.9295132089154
30.92951320891542
30.92951320891544
30.92951320891545
30.92951320891546
30.92951320891548
30.92951320891549
30.9295132089155
30.92951320891551
30.92951320891552
30.92951320891554
30.92951320891555
30.92951320891556
30.92951320891558
30.92951320891561
30.92951320891562
30.92951320891564
30.92951320891567
30.92951320891568
30.92951320891574
38.18512721872179
38.18512721872186
38.18512721872191
38.18512721872198
38.18512721872203
38.18512721872204
38.1851272187221
38.18512721872216
38.18512721872222
38.18512721872228
38.18512721872234
38.1851272187224
