1.0 -4.9881303468536515
1.0 -5.412633543932139
0.9090909090909091 -5.66098605590068
0.9090909090909091 -4.869891391010437
0.9090909090909091 -5.5111231702186565
0.8333333333333334 -4.891189469512983
0.8333333333333334 -7.141173917197027
0.7692307692307693 -8.333129906728054
0.7692307692307693 -6.2365239328491855
0.7692307692307693 -6.795413804546434
0.7142857142857143 -7.967076136763524
0.7142857142857143 -8.17787429930823
0.6666666666666666 -7.1221633387550645
0.6666666666666666 -7.2140068310226795
0.625 -8.324177807165356
0.625 -6.157233871187978
0.5882352941176471 -10.509927703924376
0.5882352941176471 -9.295095430418778
0.5555555555555556 -9.912430106570913
0.5263157894736842 -11.50626368973011
0.5263157894736842 -8.296771790399402
0.5 -11.927105939548293
0.47619047619047616 -13.227417133510983
0.47619047619047616 -16.970308463357764
0.45454545454545453 -4.731608812728844
0.43478260869565216 -13.669199590980128
0.43478260869565216 -15.224009314803002
0.4166666666666667 -24.63592435225084
0.4 -11.759979185231344
0.38461538461538464 -22.317551302164095
0.37037037037037035 -21.344629624803872
0.35714285714285715 -10.832793353113033
0.3448275862068966 -18.599280603041045
0.3333333333333333 -14.671752378412673
0.3225806451612903 -2.809507377790469
0.3125 -20.9543901590966
0.30303030303030304 -16.281064893544354
0.29411764705882354 -21.695139594678505
0.2857142857142857 -19.147579296339195
0.2777777777777778 -10.16098628823362
0.2702702702702703 -32.3160107447246
0.2631578947368421 -27.338141767213674
0.25 -8.849389203215546
0.24390243902439024 -15.01084638383141
0.23809523809523808 -113.38134647425292
0.22727272727272727 -53.45340819171331
0.2222222222222222 -1.2778097080293336
0.2127659574468085 -1.722015650364937
0.20833333333333334 -188.18080491721537
0.2 -7.655122555483843
