4.504607335e-5
5.033984594e-5
5.625573776e-5
6.286685967e-5
7.025491447e-5
7.85112066e-5
8.773777048e-5
0.00025336083989
0.00028313556985
0.00031640939835
0.00035359353618
0.00039514751927
0.00044158488775
0.00079018233501
0.00088304382715
0.00098681831538
0.00110278828482
0.00123238693707
0.00137721590224
0.0014250235462
0.00159249098629
0.00177963904398
0.00198878056712
0.0022225002073
0.00444436651562
0.00496666432968
0.00555034209646
0.00620261313083
0.00693153844973
0.00693153844974
0.00774612639329
0.00865644395339
0.0096737411854
0.01386109989392
0.01549004344519
0.01731041892564
0.01934472323732
0.02161809709724
0.02499726056896
0.02793491535212
0.03121780058968
0.03488648744315
0.03898631495914
0.03898631495915
0.04356795038682
0.04868801534327
0.07796151028572
0.08712347437221
0.09736214394598
0.09736214394599
0.10880405243323
0.12159060335052
0.12159060335053
0.13587981782403
0.15184828747554
0.43849313059893
0.54761165021349
0.68388419002126
0.68388419002127
0.85406799723618
1.06660185239893
