0.00671163715882   P1:[3, 7, 19, 27, 55, 63, 75, 79]
0.00750038250745   P2:[2, 4, 10, 12, 20, 24, 28, 34, 48, 54, 58, 62, 70, 72, 78, 80]
0.00838182047494   P3:[17, 33, 49, 65]
0.00936684421151   P4:[14, 32, 38, 40, 42, 44, 50, 68]
0.03774948405216   P5:[25, 57]
0.04218576826346   P6:[6, 8, 18, 36, 46, 64, 74, 76]
0.04714340046394   P7:[13, 23, 29, 39, 43, 53, 59, 69]
0.11773317244482   P8:[9, 73]
0.13156906523056   P9:[16, 22, 26, 30, 52, 56, 60, 66]
0.1470309392517   P10:[5, 15, 35, 37, 45, 47, 67, 77]
0.66218813837076   P11:[1, 21, 61, 81]
0.82697290767066   P12:[11, 31, 51, 71]
1.03276418043953   P13:[41]
