0.077961510285719    [(1, 9), (9, 61), (9, 81), (21, 73), (61, 9), (73, 1), (73, 21), (81, 73)]
0.004966664329677    [(1, 2), (1, 4), (1, 10), (1, 12), (1, 20), (1, 24), (4, 1), (4, 21), (10, 1), (10, 21), (12, 61), (12, 81), (21, 58), (21, 62), (21, 70), (21, 72), (21, 78), (21, 80), (24, 61), (24, 81), (28, 1), (28, 21), (34, 1), (34, 21), (48, 61), (48, 81), (54, 61), (54, 81), (58, 1), (58, 21), (61, 2), (61, 4), (61, 10), (61, 12), (61, 20), (61, 24), (70, 1), (70, 21), (72, 61), (72, 81), (78, 61), (78, 81), (81, 58), (81, 62), (81, 70), (81, 72), (81, 78), (81, 80)]
0.001988780567123    [(6, 59), (6, 69), (8, 29), (8, 39), (8, 43), (8, 53), (13, 6), (13, 8), (13, 18), (18, 59), (18, 69), (23, 36), (23, 46), (29, 36), (29, 46), (36, 59), (36, 69), (39, 64), (39, 74), (39, 76), (43, 6), (43, 8), (43, 18), (46, 13), (46, 23), (53, 36), (53, 46), (59, 36), (59, 46), (64, 13), (64, 23), (69, 64), (69, 74), (69, 76), (74, 29), (74, 39), (74, 43), (74, 53), (76, 13), (76, 23)]
0.001779639043978    [(6, 64), (6, 74), (6, 76), (8, 36), (8, 46), (13, 25), (18, 64), (18, 74), (18, 76), (25, 13), (25, 23), (36, 64), (36, 74), (36, 76), (39, 57), (43, 25), (46, 6), (46, 8), (46, 18), (57, 59), (57, 69), (64, 6), (64, 8), (64, 18), (69, 57), (74, 36), (74, 46), (76, 6), (76, 8), (76, 18)]
0.048688015343274    [(23, 41), (29, 41), (41, 29), (41, 39), (41, 43), (41, 53), (53, 41), (59, 41)]
0.005550342096458    [(1, 17), (21, 65), (33, 61), (33, 81), (49, 1), (49, 21), (61, 17), (81, 65)]
0.001377215902243    [(5, 32), (5, 38), (5, 40), (5, 42), (5, 44), (5, 50), (14, 35), (14, 37), (14, 45), (14, 47), (15, 68), (32, 35), (32, 37), (32, 45), (32, 47), (35, 32), (35, 38), (35, 40), (35, 42), (35, 44), (35, 50), (37, 14), (38, 35), (38, 37), (38, 45), (38, 47), (40, 5), (40, 15), (42, 67), (42, 77), (44, 35), (44, 37), (44, 45), (44, 47), (45, 68), (47, 32), (47, 38), (47, 40), (47, 42), (47, 44), (47, 50), (50, 35), (50, 37), (50, 45), (50, 47), (67, 14), (68, 35), (68, 37), (68, 45), (68, 47), (77, 32), (77, 38), (77, 40), (77, 42), (77, 44), (77, 50)]
5.0339845942e-5    [(3, 58), (3, 62), (3, 70), (3, 72), (3, 78), (3, 80), (4, 3), (4, 7), (4, 19), (4, 27), (7, 2), (7, 4), (7, 10), (7, 12), (7, 20), (7, 24), (10, 3), (10, 7), (10, 19), (10, 27), (12, 55), (12, 63), (12, 75), (12, 79), (19, 2), (19, 4), (19, 10), (19, 12), (19, 20), (19, 24), (24, 55), (24, 63), (24, 75), (24, 79), (27, 58), (27, 62), (27, 70), (27, 72), (27, 78), (27, 80), (28, 3), (28, 7), (28, 19), (28, 27), (34, 3), (34, 7), (34, 19), (34, 27), (48, 55), (48, 63), (48, 75), (48, 79), (54, 55), (54, 63), (54, 75), (54, 79), (55, 2), (55, 4), (55, 10), (55, 12), (55, 20), (55, 24), (58, 3), (58, 7), (58, 19), (58, 27), (63, 58), (63, 62), (63, 70), (63, 72), (63, 78), (63, 80), (70, 3), (70, 7), (70, 19), (70, 27), (72, 55), (72, 63), (72, 75), (72, 79), (75, 58), (75, 62), (75, 70), (75, 72), (75, 78), (75, 80), (78, 55), (78, 63), (78, 75), (78, 79), (79, 2), (79, 4), (79, 10), (79, 12), (79, 20), (79, 24)]
0.438493130598933    [(1, 1), (1, 21), (21, 61), (21, 81), (61, 1), (61, 21), (81, 61), (81, 81)]
0.004966664329679    [(6, 73), (9, 64), (9, 74), (9, 76), (16, 25), (18, 73), (22, 25), (25, 16), (25, 22), (25, 26), (30, 57), (36, 73), (46, 9), (52, 25), (57, 56), (57, 60), (57, 66), (60, 57), (64, 9), (66, 57), (73, 6), (73, 8), (73, 18), (76, 9)]
0.000353593536181    [(2, 29), (2, 39), (2, 43), (2, 53), (4, 13), (4, 23), (10, 13), (10, 23), (12, 59), (12, 69), (13, 2), (13, 4), (13, 10), (13, 12), (13, 20), (13, 24), (20, 29), (20, 39), (20, 43), (20, 53), (23, 28), (23, 34), (23, 48), (23, 54), (24, 59), (24, 69), (25, 14), (28, 13), (28, 23), (29, 28), (29, 34), (29, 48), (29, 54), (34, 13), (34, 23), (39, 58), (39, 62), (39, 70), (39, 72), (39, 78), (39, 80), (40, 25), (42, 57), (43, 2), (43, 4), (43, 10), (43, 12), (43, 20), (43, 24), (48, 59), (48, 69), (53, 28), (53, 34), (53, 48), (53, 54), (54, 59), (54, 69), (57, 68), (58, 13), (58, 23), (59, 28), (59, 34), (59, 48), (59, 54), (62, 29), (62, 39), (62, 43), (62, 53), (69, 58), (69, 62), (69, 70), (69, 72), (69, 78), (69, 80), (70, 13), (70, 23), (72, 59), (72, 69), (78, 59), (78, 69), (80, 29), (80, 39), (80, 43), (80, 53)]
0.00028313556985    [(3, 64), (3, 74), (3, 76), (4, 25), (6, 55), (6, 63), (6, 75), (6, 79), (7, 6), (7, 8), (7, 18), (10, 25), (12, 57), (18, 55), (18, 63), (18, 75), (18, 79), (19, 6), (19, 8), (19, 18), (24, 57), (25, 2), (25, 4), (25, 10), (25, 12), (25, 20), (25, 24), (27, 64), (27, 74), (27, 76), (28, 25), (34, 25), (36, 55), (36, 63), (36, 75), (36, 79), (46, 3), (46, 7), (46, 19), (46, 27), (48, 57), (54, 57), (55, 6), (55, 8), (55, 18), (57, 58), (57, 62), (57, 70), (57, 72), (57, 78), (57, 80), (58, 25), (63, 64), (63, 74), (63, 76), (64, 3), (64, 7), (64, 19), (64, 27), (70, 25), (72, 57), (75, 64), (75, 74), (75, 76), (76, 3), (76, 7), (76, 19), (76, 27), (78, 57), (79, 6), (79, 8), (79, 18)]
0.151848287475536    [(5, 41), (35, 41), (41, 35), (41, 37), (41, 45), (41, 47), (47, 41), (77, 41)]
0.006202613130828    [(2, 31), (2, 51), (4, 11), (10, 11), (11, 28), (11, 34), (11, 48), (11, 54), (12, 71), (20, 31), (20, 51), (24, 71), (28, 11), (31, 2), (31, 4), (31, 10), (31, 12), (31, 20), (31, 24), (34, 11), (48, 71), (51, 58), (51, 62), (51, 70), (51, 72), (51, 78), (51, 80), (54, 71), (58, 11), (62, 31), (62, 51), (70, 11), (71, 28), (71, 34), (71, 48), (71, 54), (72, 71), (78, 71), (80, 31), (80, 51)]
0.000253360839891    [(3, 57), (7, 25), (19, 25), (25, 3), (25, 7), (25, 19), (25, 27), (27, 57), (55, 25), (57, 55), (57, 63), (57, 75), (57, 79), (63, 57), (75, 57), (79, 25)]
0.097362143945984    [(9, 71), (31, 9), (51, 73), (73, 11)]
0.008656443953393    [(17, 41), (41, 33), (41, 49), (65, 41)]
0.000316409398347    [(2, 36), (2, 46), (3, 59), (3, 69), (4, 6), (4, 8), (4, 18), (6, 58), (6, 62), (6, 70), (6, 72), (6, 78), (6, 80), (7, 13), (7, 23), (8, 28), (8, 34), (8, 48), (8, 54), (10, 6), (10, 8), (10, 18), (12, 64), (12, 74), (12, 76), (13, 3), (13, 7), (13, 19), (13, 27), (18, 58), (18, 62), (18, 70), (18, 72), (18, 78), (18, 80), (19, 13), (19, 23), (20, 36), (20, 46), (24, 64), (24, 74), (24, 76), (25, 17), (27, 59), (27, 69), (28, 6), (28, 8), (28, 18), (33, 57), (34, 6), (34, 8), (34, 18), (36, 58), (36, 62), (36, 70), (36, 72), (36, 78), (36, 80), (39, 55), (39, 63), (39, 75), (39, 79), (43, 3), (43, 7), (43, 19), (43, 27), (46, 2), (46, 4), (46, 10), (46, 12), (46, 20), (46, 24), (48, 64), (48, 74), (48, 76), (49, 25), (54, 64), (54, 74), (54, 76), (55, 13), (55, 23), (57, 65), (58, 6), (58, 8), (58, 18), (62, 36), (62, 46), (63, 59), (63, 69), (64, 2), (64, 4), (64, 10), (64, 12), (64, 20), (64, 24), (69, 55), (69, 63), (69, 75), (69, 79), (70, 6), (70, 8), (70, 18), (72, 64), (72, 74), (72, 76), (74, 28), (74, 34), (74, 48), (74, 54), (75, 59), (75, 69), (76, 2), (76, 4), (76, 10), (76, 12), (76, 20), (76, 24), (78, 64), (78, 74), (78, 76), (79, 13), (79, 23), (80, 36), (80, 46)]
0.001102788284817    [(2, 35), (2, 37), (2, 45), (2, 47), (4, 5), (4, 15), (5, 28), (5, 34), (5, 48), (5, 54), (9, 68), (10, 5), (10, 15), (12, 67), (12, 77), (15, 58), (15, 62), (15, 70), (15, 72), (15, 78), (15, 80), (20, 35), (20, 37), (20, 45), (20, 47), (24, 67), (24, 77), (28, 5), (28, 15), (34, 5), (34, 15), (35, 28), (35, 34), (35, 48), (35, 54), (37, 2), (37, 4), (37, 10), (37, 12), (37, 20), (37, 24), (40, 9), (42, 73), (45, 58), (45, 62), (45, 70), (45, 72), (45, 78), (45, 80), (47, 28), (47, 34), (47, 48), (47, 54), (48, 67), (48, 77), (54, 67), (54, 77), (58, 5), (58, 15), (62, 35), (62, 37), (62, 45), (62, 47), (67, 2), (67, 4), (67, 10), (67, 12), (67, 20), (67, 24), (70, 5), (70, 15), (72, 67), (72, 77), (73, 14), (77, 28), (77, 34), (77, 48), (77, 54), (78, 67), (78, 77), (80, 35), (80, 37), (80, 45), (80, 47)]
0.005550342096456    [(6, 56), (6, 60), (6, 66), (8, 30), (8, 52), (9, 59), (9, 69), (13, 9), (15, 57), (16, 6), (16, 8), (16, 18), (18, 56), (18, 60), (18, 66), (22, 6), (22, 8), (22, 18), (25, 5), (25, 15), (26, 36), (26, 46), (30, 64), (30, 74), (30, 76), (36, 56), (36, 60), (36, 66), (37, 25), (39, 73), (43, 9), (45, 57), (46, 16), (46, 22), (46, 26), (52, 6), (52, 8), (52, 18), (56, 36), (56, 46), (57, 67), (57, 77), (60, 64), (60, 74), (60, 76), (64, 16), (64, 22), (64, 26), (66, 64), (66, 74), (66, 76), (67, 25), (69, 73), (73, 13), (73, 23), (74, 30), (74, 52), (76, 16), (76, 22), (76, 26)]
0.043567950386824    [(8, 41), (41, 36), (41, 46), (74, 41)]
7.8511206598e-5    [(14, 33), (14, 49), (17, 32), (17, 38), (17, 40), (17, 42), (17, 44), (17, 50), (32, 33), (32, 49), (33, 68), (38, 33), (38, 49), (40, 17), (42, 65), (44, 33), (44, 49), (49, 14), (50, 33), (50, 49), (65, 32), (65, 38), (65, 40), (65, 42), (65, 44), (65, 50), (68, 33), (68, 49)]
0.000353593536182    [(6, 65), (8, 33), (8, 49), (17, 36), (17, 46), (18, 65), (33, 64), (33, 74), (33, 76), (36, 65), (46, 17), (49, 6), (49, 8), (49, 18), (64, 17), (65, 36), (65, 46), (74, 33), (74, 49), (76, 17)]
0.683884190021266    [(11, 31), (11, 51), (31, 11), (51, 71), (71, 31), (71, 51)]
1.066601852398934    [(41, 41)]
0.004444366515619    [(1, 3), (1, 7), (1, 19), (1, 27), (3, 61), (3, 81), (7, 1), (7, 21), (19, 1), (19, 21), (21, 55), (21, 63), (21, 75), (21, 79), (27, 61), (27, 81), (55, 1), (55, 21), (61, 3), (61, 7), (61, 19), (61, 27), (63, 61), (63, 81), (75, 61), (75, 81), (79, 1), (79, 21), (81, 55), (81, 63), (81, 75), (81, 79)]
0.000883043827152    [(4, 9), (9, 58), (9, 62), (9, 70), (9, 72), (9, 78), (9, 80), (10, 9), (12, 73), (24, 73), (28, 9), (34, 9), (48, 73), (54, 73), (58, 9), (70, 9), (72, 73), (73, 2), (73, 4), (73, 10), (73, 12), (73, 20), (73, 24), (78, 73)]
0.006931538449732    [(5, 29), (5, 39), (5, 43), (5, 53), (13, 5), (13, 15), (15, 59), (15, 69), (23, 35), (23, 37), (23, 45), (23, 47), (29, 35), (29, 37), (29, 45), (29, 47), (35, 29), (35, 39), (35, 43), (35, 53), (37, 13), (37, 23), (39, 67), (39, 77), (43, 5), (43, 15), (45, 59), (45, 69), (47, 29), (47, 39), (47, 43), (47, 53), (53, 35), (53, 37), (53, 45), (53, 47), (59, 35), (59, 37), (59, 45), (59, 47), (67, 13), (67, 23), (69, 67), (69, 77), (77, 29), (77, 39), (77, 43), (77, 53)]
4.5046073352e-5    [(3, 55), (3, 63), (3, 75), (3, 79), (7, 3), (7, 7), (7, 19), (7, 27), (19, 3), (19, 7), (19, 19), (19, 27), (27, 55), (27, 63), (27, 75), (27, 79), (55, 3), (55, 7), (55, 19), (55, 27), (63, 55), (63, 63), (63, 75), (63, 79), (75, 55), (75, 63), (75, 75), (75, 79), (79, 3), (79, 7), (79, 19), (79, 27)]
8.7737770483e-5    [(14, 32), (14, 38), (14, 40), (14, 42), (14, 44), (14, 50), (32, 32), (32, 38), (32, 40), (32, 42), (32, 44), (32, 50), (38, 32), (38, 38), (38, 40), (38, 42), (38, 44), (38, 50), (40, 14), (42, 68), (44, 32), (44, 38), (44, 40), (44, 42), (44, 44), (44, 50), (50, 32), (50, 38), (50, 40), (50, 42), (50, 44), (50, 50), (68, 32), (68, 38), (68, 40), (68, 42), (68, 44), (68, 50)]
0.001232386937069    [(14, 30), (14, 52), (16, 14), (22, 14), (26, 32), (26, 38), (26, 40), (26, 42), (26, 44), (26, 50), (30, 68), (32, 30), (32, 52), (38, 30), (38, 52), (40, 16), (40, 22), (40, 26), (42, 56), (42, 60), (42, 66), (44, 30), (44, 52), (50, 30), (50, 52), (52, 14), (56, 32), (56, 38), (56, 40), (56, 42), (56, 44), (56, 50), (60, 68), (66, 68), (68, 30), (68, 52)]
0.087123474372206    [(1, 16), (1, 22), (1, 26), (16, 1), (16, 21), (21, 56), (21, 60), (21, 66), (22, 1), (22, 21), (30, 61), (30, 81), (52, 1), (52, 21), (60, 61), (60, 81), (61, 16), (61, 22), (61, 26), (66, 61), (66, 81), (81, 56), (81, 60), (81, 66)]
0.000986818315377    [(2, 30), (2, 52), (4, 16), (4, 22), (4, 26), (10, 16), (10, 22), (10, 26), (12, 56), (12, 60), (12, 66), (16, 2), (16, 4), (16, 10), (16, 12), (16, 20), (16, 24), (20, 30), (20, 52), (22, 2), (22, 4), (22, 10), (22, 12), (22, 20), (22, 24), (24, 56), (24, 60), (24, 66), (26, 28), (26, 34), (26, 48), (26, 54), (28, 16), (28, 22), (28, 26), (30, 58), (30, 62), (30, 70), (30, 72), (30, 78), (30, 80), (34, 16), (34, 22), (34, 26), (48, 56), (48, 60), (48, 66), (52, 2), (52, 4), (52, 10), (52, 12), (52, 20), (52, 24), (54, 56), (54, 60), (54, 66), (56, 28), (56, 34), (56, 48), (56, 54), (58, 16), (58, 22), (58, 26), (60, 58), (60, 62), (60, 70), (60, 72), (60, 78), (60, 80), (62, 30), (62, 52), (66, 58), (66, 62), (66, 70), (66, 72), (66, 78), (66, 80), (70, 16), (70, 22), (70, 26), (72, 56), (72, 60), (72, 66), (78, 56), (78, 60), (78, 66), (80, 30), (80, 52)]
0.000790182335006    [(3, 73), (7, 9), (9, 55), (9, 63), (9, 75), (9, 79), (19, 9), (27, 73), (55, 9), (63, 73), (73, 3), (73, 7), (73, 19), (73, 27), (75, 73), (79, 9)]
0.001102788284818    [(16, 17), (17, 30), (17, 52), (22, 17), (26, 33), (26, 49), (30, 65), (33, 56), (33, 60), (33, 66), (49, 16), (49, 22), (49, 26), (52, 17), (56, 33), (56, 49), (60, 65), (65, 30), (65, 52), (66, 65)]
0.006202613130829    [(1, 14), (21, 68), (40, 1), (40, 21), (42, 61), (42, 81), (61, 14), (81, 68)]
0.034886487443154    [(6, 71), (8, 31), (8, 51), (11, 36), (11, 46), (18, 71), (31, 6), (31, 8), (31, 18), (36, 71), (46, 11), (51, 64), (51, 74), (51, 76), (64, 11), (71, 36), (71, 46), (74, 31), (74, 51), (76, 11)]
0.000441584887747    [(13, 14), (14, 29), (14, 39), (14, 43), (14, 53), (23, 32), (23, 38), (23, 40), (23, 42), (23, 44), (23, 50), (29, 32), (29, 38), (29, 40), (29, 42), (29, 44), (29, 50), (32, 29), (32, 39), (32, 43), (32, 53), (38, 29), (38, 39), (38, 43), (38, 53), (39, 68), (40, 13), (40, 23), (42, 59), (42, 69), (43, 14), (44, 29), (44, 39), (44, 43), (44, 53), (50, 29), (50, 39), (50, 43), (50, 53), (53, 32), (53, 38), (53, 40), (53, 42), (53, 44), (53, 50), (59, 32), (59, 38), (59, 40), (59, 42), (59, 44), (59, 50), (68, 29), (68, 39), (68, 43), (68, 53), (69, 68)]
7.0254914474e-5    [(2, 32), (2, 38), (2, 40), (2, 42), (2, 44), (2, 50), (4, 14), (10, 14), (12, 68), (14, 28), (14, 34), (14, 48), (14, 54), (17, 33), (17, 49), (20, 32), (20, 38), (20, 40), (20, 42), (20, 44), (20, 50), (24, 68), (28, 14), (32, 28), (32, 34), (32, 48), (32, 54), (33, 65), (34, 14), (38, 28), (38, 34), (38, 48), (38, 54), (40, 2), (40, 4), (40, 10), (40, 12), (40, 20), (40, 24), (42, 58), (42, 62), (42, 70), (42, 72), (42, 78), (42, 80), (44, 28), (44, 34), (44, 48), (44, 54), (48, 68), (49, 17), (50, 28), (50, 34), (50, 48), (50, 54), (54, 68), (58, 14), (62, 32), (62, 38), (62, 40), (62, 42), (62, 44), (62, 50), (65, 33), (65, 49), (68, 28), (68, 34), (68, 48), (68, 54), (70, 14), (72, 68), (78, 68), (80, 32), (80, 38), (80, 40), (80, 42), (80, 44), (80, 50)]
6.2866859671e-5    [(2, 33), (2, 49), (3, 68), (4, 17), (7, 14), (10, 17), (12, 65), (17, 28), (17, 34), (17, 48), (17, 54), (19, 14), (20, 33), (20, 49), (24, 65), (27, 68), (28, 17), (33, 58), (33, 62), (33, 70), (33, 72), (33, 78), (33, 80), (34, 17), (40, 3), (40, 7), (40, 19), (40, 27), (42, 55), (42, 63), (42, 75), (42, 79), (48, 65), (49, 2), (49, 4), (49, 10), (49, 12), (49, 20), (49, 24), (54, 65), (55, 14), (58, 17), (62, 33), (62, 49), (63, 68), (65, 28), (65, 34), (65, 48), (65, 54), (70, 17), (72, 65), (75, 68), (78, 65), (79, 14), (80, 33), (80, 49)]
0.006931538449735    [(11, 33), (11, 49), (17, 31), (17, 51), (31, 17), (33, 71), (49, 11), (51, 65), (65, 31), (65, 51), (71, 33), (71, 49)]
0.017310418925643    [(16, 16), (16, 22), (16, 26), (22, 16), (22, 22), (22, 26), (26, 30), (26, 52), (30, 56), (30, 60), (30, 66), (52, 16), (52, 22), (52, 26), (56, 30), (56, 52), (60, 56), (60, 60), (60, 66), (66, 56), (66, 60), (66, 66)]
0.000986818315378    [(3, 67), (3, 77), (7, 5), (7, 15), (9, 65), (15, 55), (15, 63), (15, 75), (15, 79), (19, 5), (19, 15), (27, 67), (27, 77), (33, 73), (37, 3), (37, 7), (37, 19), (37, 27), (45, 55), (45, 63), (45, 75), (45, 79), (49, 9), (55, 5), (55, 15), (63, 67), (63, 77), (67, 3), (67, 7), (67, 19), (67, 27), (73, 17), (75, 67), (75, 77), (79, 5), (79, 15)]
0.038986314959147    [(11, 29), (11, 39), (11, 43), (11, 53), (13, 11), (23, 31), (23, 51), (29, 31), (29, 51), (31, 13), (31, 23), (39, 71), (43, 11), (51, 59), (51, 69), (53, 31), (53, 51), (59, 31), (59, 51), (69, 71), (71, 29), (71, 39), (71, 43), (71, 53)]
0.121590603350527    [(5, 31), (5, 51), (11, 35), (11, 37), (11, 45), (11, 47), (15, 71), (31, 5), (31, 15), (35, 31), (35, 51), (37, 11), (45, 71), (47, 31), (47, 51), (51, 67), (51, 77), (67, 11), (71, 35), (71, 37), (71, 45), (71, 47), (77, 31), (77, 51)]
0.097362143945988    [(1, 5), (1, 15), (15, 61), (15, 81), (21, 67), (21, 77), (37, 1), (37, 21), (45, 61), (45, 81), (61, 5), (61, 15), (67, 1), (67, 21), (81, 67), (81, 77)]
0.021618097097237    [(5, 35), (5, 37), (5, 45), (5, 47), (15, 67), (15, 77), (35, 35), (35, 37), (35, 45), (35, 47), (37, 5), (37, 15), (45, 67), (45, 77), (47, 35), (47, 37), (47, 45), (47, 47), (67, 5), (67, 15), (77, 35), (77, 37), (77, 45), (77, 47)]
0.00774612639329    [(2, 41), (20, 41), (41, 28), (41, 34), (41, 48), (41, 54), (62, 41), (80, 41)]
0.007746126393291    [(11, 32), (11, 38), (11, 40), (11, 42), (11, 44), (11, 50), (14, 31), (14, 51), (31, 14), (32, 31), (32, 51), (38, 31), (38, 51), (40, 11), (42, 71), (44, 31), (44, 51), (50, 31), (50, 51), (51, 68), (68, 31), (68, 51), (71, 32), (71, 38), (71, 40), (71, 42), (71, 44), (71, 50)]
0.019344723237317    [(5, 30), (5, 52), (15, 56), (15, 60), (15, 66), (16, 5), (16, 15), (22, 5), (22, 15), (26, 35), (26, 37), (26, 45), (26, 47), (30, 67), (30, 77), (35, 30), (35, 52), (37, 16), (37, 22), (37, 26), (45, 56), (45, 60), (45, 66), (47, 30), (47, 52), (52, 5), (52, 15), (56, 35), (56, 37), (56, 45), (56, 47), (60, 67), (60, 77), (66, 67), (66, 77), (67, 16), (67, 22), (67, 26), (77, 30), (77, 52)]
0.017310418925644    [(9, 67), (9, 77), (15, 73), (37, 9), (45, 73), (67, 9), (73, 5), (73, 15)]
0.015490043445193    [(9, 56), (9, 60), (9, 66), (16, 9), (22, 9), (30, 73), (52, 9), (60, 73), (66, 73), (73, 16), (73, 22), (73, 26)]
0.108804052433227    [(11, 30), (11, 52), (16, 11), (22, 11), (26, 31), (26, 51), (30, 71), (31, 16), (31, 22), (31, 26), (51, 56), (51, 60), (51, 66), (52, 11), (56, 31), (56, 51), (60, 71), (66, 71), (71, 30), (71, 52)]
0.031217800589682    [(25, 11), (31, 25), (51, 57), (57, 71)]
0.006202613130831    [(5, 36), (5, 46), (6, 67), (6, 77), (8, 35), (8, 37), (8, 45), (8, 47), (13, 16), (13, 22), (13, 26), (15, 64), (15, 74), (15, 76), (16, 13), (16, 23), (18, 67), (18, 77), (22, 13), (22, 23), (23, 30), (23, 52), (26, 29), (26, 39), (26, 43), (26, 53), (29, 30), (29, 52), (30, 59), (30, 69), (35, 36), (35, 46), (36, 67), (36, 77), (37, 6), (37, 8), (37, 18), (39, 56), (39, 60), (39, 66), (43, 16), (43, 22), (43, 26), (45, 64), (45, 74), (45, 76), (46, 5), (46, 15), (47, 36), (47, 46), (52, 13), (52, 23), (53, 30), (53, 52), (56, 29), (56, 39), (56, 43), (56, 53), (59, 30), (59, 52), (60, 59), (60, 69), (64, 5), (64, 15), (66, 59), (66, 69), (67, 6), (67, 8), (67, 18), (69, 56), (69, 60), (69, 66), (74, 35), (74, 37), (74, 45), (74, 47), (76, 5), (76, 15), (77, 36), (77, 46)]
0.00555034209646    [(3, 71), (7, 11), (19, 11), (27, 71), (31, 3), (31, 7), (31, 19), (31, 27), (51, 55), (51, 63), (51, 75), (51, 79), (55, 11), (63, 71), (75, 71), (79, 11)]
0.547611650213489    [(1, 11), (21, 71), (31, 1), (31, 21), (51, 61), (51, 81), (61, 11), (81, 71)]
0.00159249098629    [(6, 57), (18, 57), (25, 6), (25, 8), (25, 18), (36, 57), (46, 25), (57, 64), (57, 74), (57, 76), (64, 25), (76, 25)]
0.135879817824034    [(26, 41), (41, 30), (41, 52), (56, 41)]
0.009673741185405    [(14, 41), (32, 41), (38, 41), (41, 32), (41, 38), (41, 40), (41, 42), (41, 44), (41, 50), (44, 41), (50, 41), (68, 41)]
0.024997260568957    [(1, 25), (21, 57), (25, 1), (25, 21), (57, 61), (57, 81), (61, 25), (81, 57)]
0.000395147519267    [(6, 68), (8, 32), (8, 38), (8, 40), (8, 42), (8, 44), (8, 50), (13, 17), (14, 36), (14, 46), (17, 29), (17, 39), (17, 43), (17, 53), (18, 68), (23, 33), (23, 49), (29, 33), (29, 49), (32, 36), (32, 46), (33, 59), (33, 69), (36, 68), (38, 36), (38, 46), (39, 65), (40, 6), (40, 8), (40, 18), (42, 64), (42, 74), (42, 76), (43, 17), (44, 36), (44, 46), (46, 14), (49, 13), (49, 23), (50, 36), (50, 46), (53, 33), (53, 49), (59, 33), (59, 49), (64, 14), (65, 29), (65, 39), (65, 43), (65, 53), (68, 36), (68, 46), (69, 65), (74, 32), (74, 38), (74, 40), (74, 42), (74, 44), (74, 50), (76, 14)]
0.00123238693707    [(5, 33), (5, 49), (15, 65), (17, 35), (17, 37), (17, 45), (17, 47), (33, 67), (33, 77), (35, 33), (35, 49), (37, 17), (45, 65), (47, 33), (47, 49), (49, 5), (49, 15), (65, 35), (65, 37), (65, 45), (65, 47), (67, 17), (77, 33), (77, 49)]
5.6255737758e-5    [(2, 28), (2, 34), (2, 48), (2, 54), (3, 65), (4, 2), (4, 4), (4, 10), (4, 12), (4, 20), (4, 24), (7, 17), (10, 2), (10, 4), (10, 10), (10, 12), (10, 20), (10, 24), (12, 58), (12, 62), (12, 70), (12, 72), (12, 78), (12, 80), (19, 17), (20, 28), (20, 34), (20, 48), (20, 54), (24, 58), (24, 62), (24, 70), (24, 72), (24, 78), (24, 80), (27, 65), (28, 2), (28, 4), (28, 10), (28, 12), (28, 20), (28, 24), (33, 55), (33, 63), (33, 75), (33, 79), (34, 2), (34, 4), (34, 10), (34, 12), (34, 20), (34, 24), (48, 58), (48, 62), (48, 70), (48, 72), (48, 78), (48, 80), (49, 3), (49, 7), (49, 19), (49, 27), (54, 58), (54, 62), (54, 70), (54, 72), (54, 78), (54, 80), (55, 17), (58, 2), (58, 4), (58, 10), (58, 12), (58, 20), (58, 24), (62, 28), (62, 34), (62, 48), (62, 54), (63, 65), (70, 2), (70, 4), (70, 10), (70, 12), (70, 20), (70, 24), (72, 58), (72, 62), (72, 70), (72, 72), (72, 78), (72, 80), (75, 65), (78, 58), (78, 62), (78, 70), (78, 72), (78, 78), (78, 80), (79, 17), (80, 28), (80, 34), (80, 48), (80, 54)]
0.001425023546204    [(25, 25), (57, 57)]
0.854067997236184    [(11, 41), (41, 31), (41, 51), (71, 41)]
0.000883043827153    [(3, 56), (3, 60), (3, 66), (7, 16), (7, 22), (7, 26), (16, 3), (16, 7), (16, 19), (16, 27), (19, 16), (19, 22), (19, 26), (22, 3), (22, 7), (22, 19), (22, 27), (27, 56), (27, 60), (27, 66), (30, 55), (30, 63), (30, 75), (30, 79), (52, 3), (52, 7), (52, 19), (52, 27), (55, 16), (55, 22), (55, 26), (60, 55), (60, 63), (60, 75), (60, 79), (63, 56), (63, 60), (63, 66), (66, 55), (66, 63), (66, 75), (66, 79), (75, 56), (75, 60), (75, 66), (79, 16), (79, 22), (79, 26)]
0.027934915352121    [(1, 6), (1, 8), (1, 18), (6, 61), (6, 81), (18, 61), (18, 81), (21, 64), (21, 74), (21, 76), (36, 61), (36, 81), (46, 1), (46, 21), (61, 6), (61, 8), (61, 18), (64, 1), (64, 21), (76, 1), (76, 21), (81, 64), (81, 74), (81, 76)]
0.031217800589684    [(1, 13), (1, 23), (13, 1), (13, 21), (21, 59), (21, 69), (39, 61), (39, 81), (43, 1), (43, 21), (61, 13), (61, 23), (69, 61), (69, 81), (81, 59), (81, 69)]
0.013861099893922    [(9, 73), (73, 9)]
0.002222500207303    [(13, 13), (13, 23), (23, 29), (23, 39), (23, 43), (23, 53), (29, 29), (29, 39), (29, 43), (29, 53), (39, 59), (39, 69), (43, 13), (43, 23), (53, 29), (53, 39), (53, 43), (53, 53), (59, 29), (59, 39), (59, 43), (59, 53), (69, 59), (69, 69)]
0.004444366515616    [(9, 57), (25, 9), (57, 73), (73, 25)]
